name: PairsTrading
channels:
  - conda-forge
  - defaults
dependencies:
  - arch-py=5.1.0=py310h2873277_0
  - brotlipy=0.7.0=py310he2412df_1003
  - bzip2=1.0.8=h8ffe710_4
  - ca-certificates=2021.10.8=h5b45459_0
  - certifi=2021.10.8=py310h5588dad_1
  - cffi=1.15.0=py310hcbf9ad4_0
  - cryptography=36.0.1=py310ha857299_0
  - cython=0.29.26=py310h8a704f9_0
  - idna=3.1=pyhd3deb0d_0
  - intel-openmp=2022.0.0=h57928b3_3663
  - joblib=1.1.0=pyhd8ed1ab_0
  - libblas=3.9.0=12_win64_mkl
  - libcblas=3.9.0=12_win64_mkl
  - libffi=3.4.2=h8ffe710_5
  - liblapack=3.9.0=12_win64_mkl
  - libzlib=1.2.11=h8ffe710_1013
  - m2w64-gcc-libgfortran=5.3.0=6
  - m2w64-gcc-libs=5.3.0=7
  - m2w64-gcc-libs-core=5.3.0=7
  - m2w64-gmp=6.1.0=2
  - m2w64-libwinpthread-git=5.0.0.4634.697f757=2
  - mkl=2021.4.0=h0e2418a_729
  - msys2-conda-epoch=20160418=1
  - numpy=1.22.0=py310hcae7c84_0
  - openssl=1.1.1l=h8ffe710_0
  - pandas=1.3.5=py310hf5e1058_0
  - patsy=0.5.2=pyhd8ed1ab_0
  - pip=21.3.1=pyhd8ed1ab_0
  - pmdarima=1.8.4=py310he2412df_1
  - property-cached=1.6.4=py_0
  - pycparser=2.21=pyhd8ed1ab_0
  - pyopenssl=21.0.0=pyhd8ed1ab_0
  - pysocks=1.7.1=py310h5588dad_4
  - python=3.10.1=h9a09f29_2_cpython
  - python-dateutil=2.8.2=pyhd8ed1ab_0
  - python_abi=3.10=2_cp310
  - pytz=2021.3=pyhd8ed1ab_0
  - scikit-learn=1.0.2=py310h4dafddf_0
  - scipy=1.7.3=py310h33db832_0
  - setuptools=60.2.0=py310h5588dad_0
  - six=1.16.0=pyh6c4a22f_0
  - sqlite=3.37.0=h8ffe710_0
  - statsmodels=0.13.1=py310h2873277_0
  - tbb=2021.5.0=h2d74725_0
  - threadpoolctl=3.0.0=pyh8a188c0_0
  - tk=8.6.11=h8ffe710_1
  - tzdata=2021e=he74cb21_0
  - ucrt=10.0.20348.0=h57928b3_0
  - urllib3=1.26.7=pyhd8ed1ab_0
  - vc=14.2=hb210afc_5
  - vs2015_runtime=14.29.30037=h902a5da_5
  - wheel=0.37.1=pyhd8ed1ab_0
  - win_inet_pton=1.1.0=py310h5588dad_3
  - xz=5.2.5=h62dcd97_1
  - pip:
    - charset-normalizer==2.0.10
    - requests==2.27.1
    - tradingview-ta==3.2.10
